+----------+--------+------+---------------+-------------+-------+-----------------+------+---------------+----------+-----------+----------+-------------+------------------+--------------------+---------+--------+----------+-------+---------------+
| Student  | conio1 | BFS  | prev_and_next | poldo_mania | tecla | ricerca_binaria | nim2 | forza_mediana | formiche | poldo_bis | dijkstra | fire_escape | brothers_in_arms | down_to_the_origin | pioggia | domino | qkernels | Total | Bonus su voto |
+----------+--------+------+---------------+-------------+-------+-----------------+------+---------------+----------+-----------+----------+-------------+------------------+--------------------+---------+--------+----------+-------+---------------+
| VR501577 |  400   | 1500 |      780      |     660     |  870  |       840       | 600  |      500      |    0     |     0     |   312    |      0      |        0         |         0          |    0    |   0    |    0     |  6462 |       5       |
| VR502842 |  400   | 1500 |      710      |     660     |  870  |       840       | 480  |       0       |   356    |     76    |   312    |      0      |        0         |         0          |    0    |   0    |    0     |  6204 |       5       |
| VR509643 |  400   | 1500 |      780      |     660     |  870  |       840       | 600  |      500      |    0     |     0     |    0     |      0      |        0         |         0          |    0    |   0    |    0     |  6150 |       5       |
| VR504272 |  400   | 1500 |      780      |     660     |  870  |       840       | 600  |      500      |    0     |     0     |    0     |      0      |        0         |         0          |    0    |   0    |    0     |  6150 |       5       |
| VR508360 |  400   | 1500 |      780      |     660     |  870  |       820       | 600  |      500      |    0     |     0     |    0     |      0      |        0         |         0          |    0    |   0    |    0     |  6130 |       5       |
| VR503057 |  400   | 1500 |      756      |     660     |  870  |       840       | 600  |      500      |    0     |     0     |    0     |      0      |        0         |         0          |    0    |   0    |    0     |  6126 |       5       |
| VR504159 |  400   | 1500 |      620      |     660     |  610  |       840       | 600  |      190      |   172    |     0     |   312    |      46     |        0         |         0          |    88   |   0    |    0     |  6038 |       5       |
| VR511437 |  400   | 1500 |      640      |     660     |  870  |       840       | 600  |      500      |    0     |     0     |    0     |      0      |        0         |         0          |    0    |   0    |    0     |  6010 |       5       |
| VR504230 |  400   | 1500 |      640      |     660     |  870  |       830       | 600  |      500      |    0     |     0     |    0     |      0      |        0         |         0          |    0    |   0    |    0     |  6000 |       5       |
| VR503110 |  400   | 1500 |      627      |     660     |  870  |       840       | 600  |      500      |    0     |     0     |    0     |      0      |        0         |         0          |    0    |   0    |    0     |  5997 |       4       |
| VR504878 |  400   | 1500 |      530      |     660     |  870  |       840       | 600  |      500      |    0     |     0     |    0     |      0      |        0         |         0          |    0    |   0    |    0     |  5900 |       4       |
| VR509097 |  400   | 1500 |      720      |     660     |  640  |       840       | 600  |       10      |    0     |     52    |   312    |      0      |        0         |         0          |    0    |   0    |    0     |  5734 |       4       |
| VR510399 |  400   | 1500 |      600      |     660     |  870  |       820       | 600  |       90      |    0     |     0     |    0     |      0      |        0         |         0          |    0    |   0    |    0     |  5540 |       4       |
| VR508539 |  400   | 1500 |      480      |     660     |  870  |       840       | 600  |      170      |    0     |     0     |    0     |      0      |        0         |         0          |    0    |   0    |    0     |  5520 |       4       |
| VR505464 |  400   | 1500 |      420      |     660     |  870  |       840       | 600  |       0       |    0     |     0     |   220    |      2      |        0         |         0          |    0    |   0    |    0     |  5512 |       4       |
| VR503797 |  400   | 1500 |      640      |     660     |  870  |       840       | 600  |       0       |    0     |     0     |    0     |      0      |        0         |         0          |    0    |   0    |    0     |  5510 |       4       |
| VR508939 |  400   | 1500 |      693      |     360     |  798  |       588       | 600  |      410      |    0     |     0     |    0     |      0      |        0         |         0          |    0    |   0    |    0     |  5349 |       4       |
| VR504242 |  400   | 1500 |      526      |     660     |  870  |       386       | 600  |       60      |    0     |     0     |   312    |      0      |        0         |         0          |    0    |   0    |    0     |  5314 |       4       |
| VR510355 |  400   | 1500 |      670      |     660     |  870  |       323       | 600  |       6       |    0     |     0     |    0     |      0      |        0         |         0          |    0    |   0    |    0     |  5029 |       4       |
| VR477448 |  400   | 1500 |      640      |     170     |  650  |       840       | 590  |       70      |    0     |     0     |    0     |      0      |        0         |         0          |    0    |   0    |    0     |  4860 |       4       |
| VR508279 |  400   | 1500 |      780      |     660     |   0   |       840       | 600  |       0       |    0     |     0     |    0     |      0      |        0         |         0          |    0    |   0    |    0     |  4780 |       4       |
| VR510921 |  400   | 1500 |      640      |     170     |  490  |       840       | 590  |      150      |    0     |     0     |    0     |      0      |        0         |         0          |    0    |   0    |    0     |  4780 |       4       |
| VR509340 |  400   | 1500 |      330      |     660     |  870  |       328       | 600  |       0       |    0     |     0     |    0     |      0      |        0         |         0          |    0    |   0    |    0     |  4688 |       4       |
| VR504743 |  400   | 1500 |      420      |     360     |  870  |       420       | 600  |       0       |    0     |     0     |    0     |      0      |        0         |         0          |    0    |   0    |    0     |  4570 |       3       |
| VR500859 |  400   | 1500 |      620      |     144     |  348  |       336       | 240  |       60      |   180    |    224    |   204    |      0      |        0         |         0          |    0    |   0    |    0     |  4256 |       3       |
| VR512843 |  400   | 1200 |      366      |     306     |  366  |       575       | 480  |       32      |    0     |     40    |   312    |      0      |        0         |         0          |   152   |   0    |    0     |  4229 |       3       |
| VR501068 |  400   | 1500 |      640      |     170     |  870  |        0        | 600  |       0       |    0     |     0     |    0     |      0      |        0         |         0          |    0    |   0    |    0     |  4180 |       3       |
| VR509731 |  400   | 1500 |      480      |     110     |  441  |       735       | 240  |       52      |    0     |     0     |    0     |      82     |        0         |         0          |    0    |   0    |    0     |  4040 |       3       |
| VR504826 |  400   | 1040 |      192      |      4      |  642  |        20       | 600  |       44      |    16    |     0     |   308    |      0      |        4         |         0          |    0    |   0    |    0     |  3270 |       3       |
| VR492425 |  160   | 600  |      296      |     264     |  348  |       328       | 240  |       36      |    0     |     28    |    0     |     328     |        12        |         0          |   208   |   24   |   344    |  3216 |       3       |
| VR504232 |  400   | 1500 |      330      |      0      |   0   |        0        | 600  |       90      |    0     |     0     |    0     |      0      |        0         |         0          |    0    |   0    |    0     |  2920 |       2       |
| VR463715 |  400   | 1092 |      312      |     264     |   48  |       232       | 192  |       12      |    0     |     0     |   292    |      8      |        0         |         0          |    0    |   0    |    0     |  2852 |       2       |
| VR123456 |  400   | 1500 |       0       |     264     |   0   |        0        |  0   |       0       |   424    |     0     |    0     |      0      |        0         |         0          |    0    |   0    |    0     |  2588 |       2       |
| VR477780 |  400   | 1500 |      550      |      0      |   0   |        0        |  0   |       0       |    0     |     0     |    0     |      0      |        0         |         0          |    0    |   0    |    0     |  2450 |       2       |
| VR480952 |  400   | 1110 |      510      |     170     |   0   |        0        |  0   |       0       |    0     |     0     |    0     |      0      |        0         |         0          |    0    |   0    |    0     |  2190 |       2       |
| VR502263 |  400   | 800  |      168      |     144     |  228  |        8        |  52  |       0       |    0     |     0     |    0     |      0      |        0         |         0          |    0    |   0    |    0     |  1800 |       2       |
| VR123456 |   0    | 600  |       0       |      0      |   0   |       840       |  0   |       0       |    0     |     0     |    0     |      0      |        0         |         0          |    0    |   0    |    0     |  1440 |       1       |
| VR474336 |  240   | 700  |       0       |      0      |   0   |        0        |  0   |       0       |    0     |     0     |    0     |      0      |        0         |         0          |    0    |   0    |    0     |  940  |       1       |
| VR457163 |  400   | 440  |       0       |      0      |   0   |        0        |  0   |       0       |    0     |     0     |    0     |      0      |        0         |         0          |    0    |   0    |    0     |  840  |       1       |
| VR501256 |  400   |  50  |       0       |      0      |   0   |        0        |  0   |       0       |    0     |     0     |    0     |      0      |        0         |         0          |    0    |   0    |    0     |  450  |       1       |
| VR513822 |   0    |  0   |       0       |      0      |   0   |        0        |  0   |       0       |    0     |     0     |    0     |      0      |        0         |         0          |    0    |   0    |    0     |   0   |       0       |
| VR502785 |   0    |  0   |       0       |      0      |   0   |        0        |  0   |       0       |    0     |     0     |    0     |      0      |        0         |         0          |    0    |   0    |    0     |   0   |       0       |
| VR504047 |   0    |  0   |       0       |      0      |   0   |        0        |  0   |       0       |    0     |     0     |    0     |      0      |        0         |         0          |    0    |   0    |    0     |   0   |       0       |
| VR511432 |   0    |  0   |       0       |      0      |   0   |        0        |  0   |       0       |    0     |     0     |    0     |      0      |        0         |         0          |    0    |   0    |    0     |   0   |       0       |
| VR512141 |   0    |  0   |       0       |      0      |   0   |        0        |  0   |       0       |    0     |     0     |    0     |      0      |        0         |         0          |    0    |   0    |    0     |   0   |       0       |
+----------+--------+------+---------------+-------------+-------+-----------------+------+---------------+----------+-----------+----------+-------------+------------------+--------------------+---------+--------+----------+-------+---------------+
+--------------------+------------+-----------------+
|      Problem       | Multiplier | Expiration date |
+--------------------+------------+-----------------+
|       conio1       |     4      |    2025-08-08   |
|        BFS         |     4      |    2025-08-08   |
|   prev_and_next    |     4      |    2025-08-08   |
|    poldo_mania     |     4      |    2025-08-08   |
|       tecla        |     4      |    2025-08-08   |
|  ricerca_binaria   |     4      |    2025-08-08   |
|        nim2        |     4      |    2025-08-08   |
|   forza_mediana    |     4      |    2025-08-08   |
|      formiche      |     4      |    2025-08-08   |
|     poldo_bis      |     4      |    2025-08-08   |
|      dijkstra      |     4      |    2025-08-08   |
|    fire_escape     |     4      |    2025-08-08   |
|  brothers_in_arms  |     4      |    2025-08-08   |
| down_to_the_origin |     4      |    2025-08-08   |
|      pioggia       |     4      |    2025-08-08   |
|       domino       |     4      |    2025-08-08   |
|      qkernels      |     4      |    2025-08-08   |
+--------------------+------------+-----------------+

Your (VR123456) score details:
Problem conio1:
	Multiplier 10: 40 => 400 points
Problem BFS:
	Multiplier 10: 150 => 1500 points
Problem poldo_mania:
	Multiplier 4: 66 => 264 points
Problem formiche:
	Multiplier 4: 106 => 424 points
[Press ENTER to exit]
