+----------+-----------------+------------+-----------------+--------+--------------+--------------+
| Studente | odd_cycle_reach | piastrelle | lists_alignment | Totale | Voto Appello | Voto Platino |
+----------+-----------------+------------+-----------------+--------+--------------+--------------+
| VR480934 |        0        |     54     |        80       |  134   |          29  |         21   |
| VR486291 |        46       |     0      |        80       |  126   |          28  |         21   |
| VR487584 |        72       |     0      |        28       |  100   |          24  |         19   |
| VR478050 |        47       |     21     |        2        |   70   |          18  |          0   |
| VR496214 |        0        |     53     |        0        |   53   |          15  |          0   |
| VR488110 |        2        |     21     |        2        |   25   |          9   |          0   |
| VR480952 |        15       |     0      |        0        |   15   |          6   |          0   |
| VR489524 |        2        |     3      |        2        |   7    |          4   |          0   |
| VR445780 |        0        |     0      |        0        |   0    |          0   |          0   |
| VR448249 |        0        |     0      |        0        |   0    |          0   |          0   |
| VR465317 |        0        |     0      |        0        |   0    |          0   |          0   |
| VR474379 |        0        |     0      |        0        |   0    |          0   |          0   |
| VR478827 |        0        |     0      |        0        |   0    |          0   |          0   |
| VR487564 |        0        |     0      |        0        |   0    |          0   |          0   |
| VR123456 |        0        |     0      |        0        |   0    |          0   |          0   |
+----------+-----------------+------------+-----------------+--------+--------------+--------------+
