+----------+-------------+------------------+--------------------+-------+--------------+------+
| Student  | fire_escape | brothers_in_arms | down_to_the_origin | Total | voto_platino | voto |
+----------+-------------+------------------+--------------------+-------+--------------+------+
| VR509340 |      82     |        6         |         0          |   88  |      16      |  25  |
| VR504159 |      51     |        19        |         0          |   70  |      0       |  20  |
| VR501577 |      50     |        1         |         0          |   51  |      0       |  14  |
| VR504242 |      49     |        1         |         0          |   50  |      0       |  14  |
| VR502842 |      40     |        0         |         0          |   40  |      0       |  11  |
| VR500859 |      21     |        4         |         1          |   26  |      0       |  7   |
| VR504826 |      0      |        4         |         12         |   16  |      0       |  4   |
| VR480952 |      5      |        2         |         0          |   7   |      0       |  2   |
| VR504743 |      2      |        0         |         3          |   5   |      0       |  1   |
| VR489524 |      1      |        3         |         0          |   4   |      0       |  1   |
| VR509731 |      2      |        2         |         0          |   4   |      0       |  1   |
| VR510399 |      1      |        0         |         0          |   1   |      0       |  0   |
| VR474379 |      1      |        0         |         0          |   1   |      0       |  0   |
| VR501068 |      0      |        0         |         0          |   0   |      0       |  0   |
| VR510616 |      0      |        0         |         0          |   0   |      0       |  0   |
+----------+-------------+------------------+--------------------+-------+--------------+------+
