+----------+---------+--------+----------+-------+--------------+------+
| Student  | pioggia | domino | qkernels | Total | voto_platino | voto |
+----------+---------+--------+----------+-------+--------------+------+
| VR504159 |    52   |   72   |    1     |  125  |      20      |  28  |
| VR474379 |    52   |   72   |    0     |  124  |      20      |  27  |
| VR500859 |    42   |   72   |    10    |  124  |      11      |  27  |
| VR505464 |    0    |   55   |    59    |  114  |      0       |  25  |
| VR504826 |    52   |   50   |    3     |  105  |      9       |  23  |
| VR509731 |    52   |   47   |    0     |   99  |      9       |  22  |
| VR502842 |    52   |   37   |    0     |   89  |      9       |  20  |
| VR502263 |    52   |   6    |    0     |   58  |      9       |  13  |
| VR504242 |    52   |   1    |    0     |   53  |      9       |  12  |
| VR492425 |    42   |   9    |    fake  |   51  |      0       |  12  |
| VR501068 |    14   |   14   |    4     |   32  |      0       |  7   |
| VR489524 |    4    |   6    |    2     |   12  |      0       |  3   |
+----------+---------+--------+----------+-------+--------------+------+
