+----------+-----------+----------+----------+-------+--------------+------+
| Student  | poldo_bis | formiche | dijkstra | Total | voto_platino | voto |
+----------+-----------+----------+----------+-------+--------------+------+
| VR503057 |     0     |    95    |    78    |  173  |      22      |  33  |
| VR504272 |     24    |    45    |    78    |  147  |      10      |  28  |
| VR504230 |     16    |    45    |    78    |  139  |      10      |  27  |
| VR508279 |     15    |    45    |    78    |  138  |      10      |  27  |
| VR503110 |     15    |    45    |    78    |  138  |      10      |  27  |
| VR504878 |     14    |    45    |    78    |  137  |      10      |  26  |
| VR508539 |     14    |    45    |    78    |  137  |      10      |  26  |
| VR509097 |     14    |    45    |    78    |  137  |      10      |  26  |
| VR509643 |     6     |    45    |    78    |  129  |      10      |  25  |
| VR512843 |     5     |    45    |    78    |  128  |      10      |  25  |
| VR511437 |     6     |    43    |    78    |  127  |      10      |  24  |
| VR508939 |     5     |    44    |    78    |  127  |      10      |  24  |
| VR477448 |     9     |    49    |    65    |  123  |      0       |  23  |
| VR510355 |     6     |    35    |    78    |  119  |      10      |  23  |
| VR508360 |     0     |    34    |    78    |  112  |      10      |  21  |
| VR504743 |     16    |    45    |    36    |   97  |      0       |  19  |
| VR510921 |     86    |    0     |    0     |   86  |      11      |  17  |
| VR504159 |     5     |    0     |    78    |   83  |      10      |  16  |
| VR501068 |     8     |    4     |    51    |   63  |      0       |  11  |
| VR501577 |     0     |    0     |    40    |   40  |      0       |  8   |
| VR480952 |     16    |    0     |    1     |   17  |      0       |  3   |
| VR489524 |     6     |    3     |    6     |   15  |      0       |  2   |
| VR510399 |     0     |    0     |    0     |   0   |      0       |  0   |
+----------+-----------+----------+----------+-------+--------------+------+
