+----------+-------------+-------------+--------------------+--------+
| Studente | poldo_mania | binary_heap | monotone_01_matrix | Totale |
+----------+-------------+-------------+--------------------+--------+
| VR478828 |      7      |      54     |         0          |   61   |
| VR474098 |      0      |      54     |         0          |   54   |
| VR478827 |      0      |      48     |         0          |   48   |
| VR445780 |      5      |      0      |         0          |   5    |
| VR489524 |      3      |      0      |         0          |   3    |
| VR478050 |      2      |      0      |         0          |   2    |
| VR487584 |      2      |      0      |         0          |   2    |
| VR451169 |      0      |      0      |         0          |   0    |
| VR463860 |      0      |      0      |         0          |   0    |
| VR472433 |      0      |      0      |         0          |   0    |
| VR472646 |      0      |      0      |         0          |   0    |
| VR473579 |      0      |      0      |         0          |   0    |
| VR474022 |      0      |      0      |         0          |   0    |
| VR475346 |      0      |      0      |         0          |   0    |
| VR479096 |      0      |      0      |         0          |   0    |
| VR480934 |      0      |      0      |         0          |   0    |
| VR480952 |      0      |      0      |         0          |   0    |
| VR486291 |      0      |      0      |         0          |   0    |
| VR487700 |      0      |      0      |         0          |   0    |
| VR488110 |      0      |      0      |         0          |   0    |
| VR491230 |      0      |      0      |         0          |   0    |
| VR496214 |      0      |      0      |         0          |   0    |
| VR123456 |      0      |      0      |         0          |   0    |
+----------+-------------+-------------+--------------------+--------+
