matricola	kendall	array2Game	alberi	totale	voto_esame	bonus	VOTO_ALGORITMI
VR365989	35.0	0.0		0.0	35.0	14		1	15 
VR369400	35.0	0.0		100.0	135.0	25		0	25 
VR376685	35.0	0.0		0.0	35.0	14		5	19 
VR376761	35.0	0.0		0.0	35.0	14		4	18 
VR379251	35.0	0.0		100.0	135.0	25		6	31 
VR379383	35.0	0.0		60.0	95.0	21		6	27 
VR379624	35.0	0.0		0.0	35.0	14		5	19 
VR379952	35.0	50.0		0.0	85.0	20		6	26 
VR380130	35.0	0.0		0.0	35.0	14		5	19 
VR380586	35.0	20.0		60.0	115.0	23		5	28 
VR382419	35.0	0.0		0.0	35.0	14		0	14 
VR383227	35.0	0.0		0.0	35.0	14		5	19 
VR383558	35.0	30.0		0.0	65.0	18		7	25 
VR383601	35.0	0.0		0.0	35.0	14		4	21
VR386217	35.0	0.0		0.0	35.0	14		6	20
VR386459	35.0	0.0		0.0	35.0	14		6	20
VR386484	35.0	0.0		60.0	95.0	21		6	27 
VR386593	35.0	50.0		100.0	185.0	30		6	30+lode 
VR386641	35.0	0.0		60.0	95.0	21		5	26 
VR386687	35.0	0.0		0.0	35.0	14		1	15 
VR386695	35.0	40.0		0.0	75.0	19		6	25 
VR387734	35.0	40.0		60.0	135.0	25		8	30+lode 
VR387750	35.0	0.0		0.0	35.0	14		6	20 
VR387789	35.0	0.0		0.0	35.0	14		7	21
VR387906	35.0	0.0		0.0	35.0	14		4	18 
VR387937	35.0	0.0		0.0	35.0	14		7	21 
VR387955	35.0	0.0		0.0	35.0	14		1	15 
VR388111	35.0	100.0		100.0	235.0	30+lode		6	30+lode 
VR389232	15.0	50.0		90.0	155.0	27		6	30+lode 
VR389924	35.0	0.0		0.0	35.0	14		5	19 
VR389925	35.0	0.0		0.0	35.0	14		5	19 
VR389926	35.0	0.0		0.0	35.0	14		6	20 
VR391506	0.0	50.0		0.0	50.0	16		5	21 
VR391827	15.0	50.0		0.0	65.0	18		6	24 
VR391912	35.0	0.0		0.0	35.0	14		6	20 
VR393787	35.0	100.0		100.0	235.0	30+lode		6	30+lode
VR393905	15.0	0.0		0.0	15.0	11		8	19 

MAP:
15-->11/30
35-->14/30
50-->16/30
65-->18/30
75-->19/30
85-->20/30
95-->21/30
115-->23/30
135-->25/30
155-->27/30
185-->30/30
235-->30/30+lode
